NIMBLE_CUNA_ID,Name,Old Street Address,New Street Address
10032266,Qualstar Credit Union,"19020 33rd Ave W Ste 420, Lynnwood, WA 98036-4738","24000 35th Avenue Southeast; Suite 200, Bothell, WA 98021"
10017282,Vigo County FCU,"128 S 8th St, Terre Haute, IN 47807-3704","126 S 3rd St, Terre Haute, IN 47807-3704"
10024005,Palisades Federal Credit Union,"300 N Middletown Rd Ste 6, Pearl River, NY 10965-1295","16 Orangetown Shopping Center, Orangeburg, NY 10962"
10035960,Labor Management FCU,"679 State Route 1957, Lewisport, KY 42351-6967","8225 U.S. 60 W, Lewisport, KY 42351"
10039189,Civic FCU,"323 W Jones St Suite 600, Raleigh, NC 27603","3600 Wake Forest Road, Raleigh, NC 27603"
